0 43 23 68 42 7 16
43 0 61 72 10 83 6
23 61 0 23 18 46 23
68 72 23 0 86 34 49
42 10 18 86 0 14 91
7 83 46 34 14 0 64
16 6 23 49 91 64 0
